Millisegundos: -1.559321881566E12
Segundos: -1.559321881566E9
Minutos: -2.59886980261E7

E7
