Millisegundos: -1.55931777877E12
Segundos: -1.55931777877E9
Minutos: -2.5988629646166667E7
