Millisegundos: -1.55932127763E12
Segundos: -1.55932127763E9
Minutos: -2.59886879605E7
334E7
