Millisegundos: -1.559321912103E12
Segundos: -1.559321912103E9
Minutos: -2.598869853505E7
E7
