Millisegundos: -1.559321512739E12
Segundos: -1.559321512739E9
Minutos: -2.5988691878983334E7
