Millisegundos: 1.5686751E7
Segundos: 15686.751
Minutos: 261.44585
