Millisegundos: -1.55931770741E12
Segundos: -1.55931770741E9
Minutos: -2.5988628456833333E7

