Millisegundos: -1.559322116646E12
Segundos: -1.559322116646E9
Minutos: -2.59887019441E7
6E7
