Millisegundos: -1.559321039251E12
Segundos: -1.559321039251E9
Minutos: -2.5988683987516668E7
