Millisegundos: -1.559319153272E12
Segundos: -1.559319153272E9
Minutos: -2.5988652554533333E7
