Millisegundos: -1.559317605533E12
Segundos: -1.559317605533E9
Minutos: -2.5988626758883335E7
