Millisegundos: -1.559322345198E12
Segundos: -1.559322345198E9
Minutos: -2.59887057533E7
4E7
