Millisegundos: -1.559322597183E12
Segundos: -1.559322597183E9
Minutos: -2.598870995305E7
E7
