Millisegundos: 2.7330571E7
Segundos: 27330.571
Minutos: 455.5095166666667
